Run Thierens...
ell  50
  problem size list  [196, 336, 570, 720, 778, 782, 782, 782, 782, 782, 782, 782, 782, 782, 782, 782, 782, 782, 782, 782, 782, 782, 782, 782, 782, 782, 782, 782, 782, 782]
ell  100
  problem size list  [434, 822, 1292, 1702, 1834, 1842, 1842, 1842, 1842, 1842, 1842, 1842, 1842, 1842, 1842, 1842, 1842, 1842, 1842, 1842, 1842, 1842, 1842, 1842, 1842, 1842, 1842, 1842, 1842, 1842]
ell  150
  problem size list  [702, 1280, 2138, 2718, 2976, 3006, 3006, 3006, 3006, 3006, 3006, 3006, 3006, 3006, 3006, 3006, 3006, 3006, 3006, 3006, 3006, 3006, 3006, 3006, 3006, 3006, 3006, 3006, 3006, 3006]
ell  200
  problem size list  [938, 1782, 2892, 3922, 4210, 4238, 4238, 4238, 4238, 4238, 4238, 4238, 4238, 4238, 4238, 4238, 4238, 4238, 4238, 4238, 4238, 4238, 4238, 4238, 4238, 4238, 4238, 4238, 4238, 4238]
ell  250
  problem size list  [1262, 2492, 4028, 5139, 5499, 5521, 5521, 5521, 5521, 5521, 5521, 5521, 5521, 5521, 5521, 5521, 5521, 5521, 5521, 5521, 5521, 5521, 5521, 5521, 5521, 5521, 5521, 5521, 5521, 5521]
ell  300
  problem size list  [1602, 2950, 4728, 6166, 6786, 6844, 6844, 6844, 6844, 6844, 6844, 6844, 6844, 6844, 6844, 6844, 6844, 6844, 6844, 6844, 6844, 6844, 6844, 6844, 6844, 6844, 6844, 6844, 6844, 6844]
ell  350
  problem size list  [1972, 3808, 5929, 7577, 8132, 8199, 8201, 8201, 8201, 8201, 8201, 8201, 8201, 8201, 8201, 8201, 8201, 8201, 8201, 8201, 8201, 8201, 8201, 8201, 8201, 8201, 8201, 8201, 8201, 8201]
ell  400
  problem size list  [2288, 4334, 6782, 8862, 9518, 9586, 9586, 9586, 9586, 9586, 9586, 9586, 9586, 9586, 9586, 9586, 9586, 9586, 9586, 9586, 9586, 9586, 9586, 9586, 9586, 9586, 9586, 9586, 9586, 9586]
ell  450
  problem size list  [2528, 4772, 7646, 9914, 10886, 10994, 10996, 10996, 10996, 10996, 10996, 10996, 10996, 10996, 10996, 10996, 10996, 10996, 10996, 10996, 10996, 10996, 10996, 10996, 10996, 10996, 10996, 10996, 10996, 10996]
ell  500
  problem size list  [2942, 5616, 8981, 11474, 12351, 12429, 12429, 12429, 12429, 12429, 12429, 12429, 12429, 12429, 12429, 12429, 12429, 12429, 12429, 12429, 12429, 12429, 12429, 12429, 12429, 12429, 12429, 12429, 12429, 12429]
